Pop	Sample	bufo	spino	missing
1-4	1582	0.995	0.005	0
1-4	1583	0.995	0.005	0
1-4	1584	0.995	0.005	0
1-4	1585	0.995	0.005	0
1-4	1586	0.996	0.004	0
1-4	1587	0.984	0.016	0
1-4	1588	0.996	0.004	0
1-4	1589	0.995	0.005	0
1-4	1590	0.996	0.004	0
1-4	1591	0.995	0.005	0
1-4	1572	0.995	0.005	0
1-4	1573	0.995	0.005	0
1-4	1574	0.995	0.005	0
1-4	1575	0.996	0.004	0
1-4	1576	0.995	0.005	0
1-4	1577	0.995	0.005	0
1-4	1578	0.996	0.004	0
1-4	1579	0.995	0.005	0
1-4	1580	0.995	0.005	0
1-4	1581	0.996	0.004	0
1-4	1652	0.995	0.005	0
1-4	1653	0.996	0.004	0
1-4	1654	0.994	0.006	0
1-4	1655	0.996	0.004	0
1-4	1656	0.995	0.005	0
1-4	1657	0.996	0.004	0
1-4	1659	0.996	0.004	0
1-4	4281	0.995	0.005	0
1-4	4282	0.992	0.008	0
1-4	4283	0.996	0.004	0
1-4	4284	0.992	0.008	0
1-4	4285	0.995	0.005	0
1-4	4286	0.996	0.004	0
5	162	0.996	0.004	0
5	163	0.996	0.004	0
5	164	0.982	0.018	0
5	165	0.992	0.008	0
5	166	0.98	0.02	0
5	167	0.979	0.021	0
5	168	0.985	0.015	0
5	169	0.995	0.005	0
5	170	0.983	0.017	0
5	171	0.996	0.004	0
5	172	0.977	0.023	0
5	174	0.995	0.005	0
5	175	0.96	0.04	0
5	176	0.995	0.005	0
5	177	0.959	0.041	0
5	178	0.962	0.038	0
5	179	0.982	0.018	0
5	180	0.957	0.043	0
5	181	0.984	0.016	0
5	182	0.991	0.009	0
6	191	0.996	0.004	0
6	192	0.996	0.004	0
6	193	0.995	0.005	0
6	194	0.985	0.015	0
6	195	0.994	0.006	0
6	196	0.993	0.007	0
6	197	0.995	0.005	0
6	198	0.994	0.006	0
6	199	0.987	0.013	0
6	200	0.995	0.005	0
6	201	0.994	0.006	0
6	202	0.994	0.006	0
6	203	0.984	0.016	0
6	204	0.996	0.004	0
6	205	0.98	0.02	0
6	206	0.995	0.005	0
6	207	0.995	0.005	0
6	208	0.995	0.005	0
7	1515	0.801	0.199	0
7	1516	0.825	0.175	0
7	1517	0.927	0.073	0
7	1518	0.828	0.172	0
7	1519	0.88	0.12	0
7	1520	0.959	0.041	0
7	1521	0.926	0.074	0
7	1522	0.882	0.118	0
7	1523	0.76	0.24	0
7	1524	0.837	0.163	0
7	1525	0.975	0.025	0
7	1526	0.881	0.119	0
8	1284	0.805	0.195	0
8	1285	0.849	0.151	0
8	1286	0.832	0.168	0
8	1287	0.735	0.265	0
8	1288	0.917	0.083	0
8	1289	0.938	0.062	0
8	1290	0.903	0.097	0
8	1291	0.815	0.185	0
8	1513	0.926	0.074	0
8	1514	0.878	0.122	0
9	1314	0.765	0.235	0
9	1315	0.678	0.322	0
9	1316	0.714	0.286	0
9	1317	0.8	0.2	0
9	1318	0.723	0.277	0
9	1319	0.694	0.306	0
9	1320	0.816	0.184	0
9	1321	0.704	0.296	0
9	1498	0.743	0.257	0
9	1499	0.692	0.308	0
9	1500	0.711	0.289	0
9	1501	0.707	0.293	0
9	1502	0.746	0.254	0
9	1503	0.667	0.333	0
9	1504	0.815	0.185	0
9	1505	0.661	0.339	0
9	1506	0.794	0.206	0
9	1507	0.866	0.134	0
9	1508	0.686	0.314	0
9	1509	0.705	0.295	0
10	1258	0.63	0.37	0
10	1259	0.581	0.419	0
10	1268	0.624	0.376	0
10	1269	0.634	0.366	0
10	1270	0.722	0.278	0
10	1271	0.753	0.247	0
10	1272	0.503	0.497	0
10	1273	0.613	0.387	0
10	1274	0.661	0.339	0
10	1275	0.747	0.253	0
11	1480	0.757	0.243	0
11	1481	0.664	0.336	0
11	1482	0.535	0.465	0
11	1483	0.643	0.357	0
11	1484	0.619	0.381	0
11	1485	0.585	0.415	0
11	1486	0.621	0.379	0
11	1487	0.634	0.366	0
11	1488	0.632	0.368	0
11	1489	0.588	0.412	0
11	1490	0.641	0.359	0
11	1491	0.555	0.445	0
11	1492	0.679	0.321	0
11	1493	0.595	0.405	0
11	1494	0.656	0.344	0
11	1495	0.571	0.429	0
11	1496	0.645	0.355	0
11	1497	0.566	0.434	0
12	1218	0.46	0.54	0
12	1219	0.49	0.51	0
12	1220	0.57	0.43	0
12	1221	0.451	0.549	0
12	1222	0.498	0.502	0
12	1223	0.452	0.548	0
12	1224	0.426	0.574	0
12	1225	0.451	0.549	0
12	1226	0.538	0.462	0
12	1227	0.496	0.504	0
12	1228	0.572	0.428	0
12	1229	0.571	0.429	0
12	1230	0.452	0.548	0
12	1231	0.556	0.444	0
12	1232	0.613	0.387	0
12	1235	0.515	0.485	0
12	1238	0.618	0.382	0
12	1241	0.531	0.469	0
12	1251	0.544	0.456	0
12	1254	0.589	0.411	0
13	1198	0.303	0.697	0
13	1199	0.22	0.78	0
13	1200	0.205	0.795	0
13	1201	0.268	0.732	0
13	1202	0.223	0.777	0
13	1203	0.228	0.772	0
13	1204	0.207	0.793	0
13	1205	0.179	0.821	0
13	1206	0.362	0.638	0
13	1207	0.236	0.764	0
13	1208	0.264	0.736	0
13	1209	0.225	0.775	0
13	1210	0.258	0.742	0
13	1211	0.315	0.685	0
13	1212	0.244	0.756	0
13	1213	0.277	0.723	0
13	1214	0.369	0.631	0
13	1215	0.322	0.678	0
13	1216	0.265	0.735	0
13	1217	0.242	0.758	0
14	1176	0.139	0.861	0
14	1177	0.201	0.799	0
14	1178	0.082	0.918	0
14	1179	0.282	0.718	0
14	1180	0.174	0.826	0
14	1181	0.275	0.725	0
14	1182	0.278	0.722	0
14	1183	0.221	0.779	0
14	1184	0.241	0.759	0
14	1185	0.199	0.801	0
14	1186	0.237	0.763	0
14	1187	0.149	0.851	0
14	1188	0.189	0.811	0
14	1189	0.188	0.812	0
14	1190	0.192	0.808	0
14	1191	0.241	0.759	0
14	1192	0.265	0.735	0
14	1193	0.186	0.814	0
14	1194	0.195	0.805	0
14	1195	0.308	0.692	0
15	1276	0.066	0.934	0
15	1277	0.208	0.792	0
15	1278	0.114	0.886	0
15	1279	0.066	0.934	0
15	1280	0.161	0.839	0
15	1281	0.072	0.928	0
15	1282	0.036	0.964	0
15	1283	0.16	0.84	0
15	1458	0.138	0.862	0
15	1459	0.175	0.825	0
15	1460	0.188	0.812	0
15	1461	0.168	0.832	0
15	1462	0.106	0.894	0
15	1463	0.164	0.836	0
15	1464	0.152	0.848	0
15	1465	0.047	0.953	0
15	1466	0.136	0.864	0
15	1467	0.127	0.873	0
15	1568	0.235	0.765	0
16	1538	0.013	0.987	0
16	1539	0.027	0.973	0
16	1548	0.028	0.972	0
16	1549	0.006	0.994	0
16	1550	0.02	0.98	0
16	1551	0.019	0.981	0
16	1552	0.006	0.994	0
16	1553	0.006	0.994	0
16	1554	0.025	0.975	0
16	1555	0.071	0.929	0
16	1556	0.053	0.947	0
16	1557	0.01	0.99	0
17	1260	0.019	0.981	0
17	1261	0.005	0.995	0
17	1262	0.024	0.976	0
17	1263	0.006	0.994	0
17	1264	0.006	0.994	0
17	1265	0.057	0.943	0
17	1266	0.052	0.948	0
17	1267	0.019	0.981	0
18	59	0.004	0.996	0
18	60	0.022	0.978	0
18	61	0.007	0.993	0
18	62	0.006	0.994	0
18	63	0.035	0.965	0
18	64	0.005	0.995	0
18	65	0.018	0.982	0
18	66	0.053	0.947	0
18	67	0.017	0.983	0
18	68	0.006	0.994	0
19	624	0.005	0.995	0
19	625	0.005	0.995	0
19	626	0.016	0.984	0
19	627	0.034	0.966	0
19	628	0.04	0.96	0
19	629	0.008	0.992	0
19	630	0.005	0.995	0
19	631	0.005	0.995	0
20	1292	0.008	0.992	0
20	1293	0.021	0.979	0
20	1294	0.05	0.95	0
20	1295	0.02	0.98	0
20	1296	0.01	0.99	0
20	1297	0.076	0.924	0
20	1298	0.02	0.98	0
20	1299	0.029	0.971	0
21	1301	0.005	0.995	0
21	1302	0.005	0.995	0
21	1303	0.004	0.996	0
21	1304	0.018	0.982	0
21	1306	0.006	0.994	0
21	1307	0.017	0.983	0
21	1308	0.022	0.978	0
21	1309	0.005	0.995	0
21	1310	0.023	0.977	0
21	1311	0.019	0.981	0
22	1114	0.004	0.996	0
22	1115	0.004	0.996	0
22	1119	0.005	0.995	0
22	1122	0.005	0.995	0
22	1124	0.004	0.996	0
22	1125	0.035	0.965	0
22	1126	0.057	0.943	0
22	1127	0.005	0.995	0
22	1132	0.005	0.995	0
22	1133	0.005	0.995	0
22	1135	0.005	0.995	0
22	1136	0.005	0.995	0
22	1137	0.005	0.995	0
22	1139	0.005	0.995	0
22	1140	0.006	0.994	0
22	1142	0.028	0.972	0
22	1145	0.028	0.972	0
22	1148	0.005	0.995	0
23-29	4382	0.005	0.995	0
23-29	4383	0.004	0.996	0
23-29	4157	0.005	0.995	0
23-29	4158	0.005	0.995	0
23-29	4172	0.005	0.995	0
23-29	4173	0.01	0.99	0
23-29	4162	0.005	0.995	0
23-29	4104	0.005	0.995	0
23-29	4105	0.005	0.995	0
23-29	4110	0.004	0.996	0
23-29	4115	0.005	0.995	0
23-29	4116	0.035	0.965	0
